0.4355555555555557 36.77018633540372 5.0
0.8622222222222224 55.71428571428571 5.0
1.1111111111111112 68.75776397515527 5.0
1.5377777777777784 79.93788819875776 5.0
1.9644444444444442 85.83850931677019 5.0
2.3911111111111111 90.18633540372670 5.0
2.5333333333333333 93.60248447204968 5.0
3.1022222222222222 96.70807453416148 5.0
3.5644444444444444 99.81366459627328 5.0
3.9911111111111106 99.81366459627328 5.0
4.4177777777777777 102.9192546583851 5.0
5.5555555555555555 107.2670807453416 5.0
6.6933333333333333 110.3726708074534 5.0
8.0800000000000000 114.4099378881988 5.0
9.1466666666666667 115.9627329192547 5.0
10.284444444444444 112.5465838509317 5.0
11.564444444444444 113.4782608695652 5.0
12.666666666666668 116.2732919254658 5.0
13.982222222222221 126.8322981366460 5.0
15.297777777777776 125.2795031055901 5.0
